	3rd-party-talk	Acknowledge (Backchannel)	Action-directive	Agree/Accept	Apology	Appreciation	Collaborative Completion	Conventional-closing	Conventional-opening	Declarative Yes-No-Question	Downplayer	Hold Before Answer/Agreement	No Answers	Offers, Options, Commits	Open-Question	Or-Clause	Other	Quotation	Reject	Repeat-phrase	Rhetorical-Question	Signal-non-understanding	Statement-non-opinion	Statement-opinion	Summarize/Reformulate	Thanking	Uninterpretable	Wh-Question	Yes-No-Question
3rd-party-talk	0.000000	0.000000	0.000000	0.000000	0.000000	0.000000	0.000000	0.000000	0.000000	0.000000	0.000000	0.000000	0.000000	0.000000	0.000000	0.000000	0.000000	0.000000	0.000000	0.000000	0.000000	0.000000	0.000000	0.000000	0.000000	0.000000	0.000000	0.000000	0.000000
Acknowledge (Backchannel)	0.000000	0.000695	0.000000	0.000000	0.000000	0.000000	0.000000	0.000000	0.000000	0.000000	0.000000	0.000000	0.000000	0.000000	0.000000	0.000000	0.000000	0.000000	0.000000	0.000000	0.000000	0.000000	0.003573	0.000000	0.000000	0.000000	0.001092	0.001191	0.000000
Action-directive	0.000000	0.000437	0.063905	0.000068	0.001092	0.001248	0.007946	0.000000	0.000372	0.001092	0.000637	0.000218	0.000000	0.000000	0.000546	0.000000	0.001280	0.014999	0.000000	0.001820	0.016840	0.000000	0.302823	0.007855	0.000432	0.000000	0.003753	0.043655	0.050819
Agree/Accept	0.000000	0.000000	0.000000	0.000000	0.000000	0.000000	0.000000	0.000000	0.000000	0.000000	0.000000	0.000000	0.000000	0.000000	0.000000	0.000000	0.000000	0.000000	0.000000	0.000000	0.000000	0.000000	0.000000	0.001092	0.000000	0.000000	0.000000	0.002729	0.000546
Apology	0.000000	0.000000	0.001092	0.000000	0.000000	0.000000	0.001092	0.000000	0.000000	0.000000	0.000000	0.000000	0.000000	0.000000	0.000000	0.000000	0.000000	0.000000	0.000000	0.000000	0.000000	0.000000	0.002183	0.000000	0.000000	0.000000	0.000000	0.002183	0.002183
Appreciation	0.000000	0.000000	0.000546	0.000000	0.000000	0.000546	0.000000	0.000000	0.000000	0.000000	0.000000	0.000000	0.000000	0.000000	0.000000	0.000000	0.000000	0.000000	0.000000	0.000000	0.001092	0.001092	0.004913	0.000000	0.000000	0.000000	0.000000	0.001638	0.000000
Collaborative Completion	0.000000	0.000000	0.017467	0.000000	0.000000	0.001092	0.003275	0.000000	0.000000	0.000000	0.000000	0.001092	0.000000	0.000000	0.002183	0.000000	0.000546	0.000546	0.000000	0.002729	0.003639	0.000000	0.072962	0.001092	0.000000	0.000000	0.001092	0.012009	0.004731
Conventional-closing	0.000000	0.000000	0.003275	0.000000	0.000000	0.000364	0.001092	0.000728	0.000000	0.000000	0.001092	0.000000	0.000000	0.000000	0.000000	0.000000	0.000000	0.000000	0.000000	0.000000	0.001092	0.000000	0.006550	0.000000	0.000000	0.000000	0.000000	0.002183	0.001092
Conventional-opening	0.000000	0.000000	0.003275	0.000000	0.000000	0.000000	0.000000	0.000000	0.001092	0.000000	0.000000	0.000000	0.000000	0.000000	0.000000	0.000000	0.000000	0.004367	0.000000	0.000000	0.000000	0.000000	0.024563	0.000000	0.000000	0.000000	0.000000	0.006004	0.003275
Declarative Yes-No-Question	0.000000	0.000000	0.004913	0.000000	0.000000	0.000000	0.000000	0.000000	0.000000	0.000546	0.000000	0.001092	0.000000	0.000000	0.000000	0.000000	0.000000	0.001092	0.000000	0.000000	0.003275	0.000000	0.019105	0.001092	0.000000	0.000000	0.000000	0.005459	0.008188
Downplayer	0.000000	0.000000	0.004913	0.000000	0.000000	0.000000	0.001092	0.000364	0.000000	0.000000	0.000910	0.000000	0.000000	0.000000	0.001092	0.000000	0.000000	0.002183	0.000000	0.000000	0.006459	0.000000	0.032387	0.000000	0.000000	0.000000	0.000000	0.004094	0.006550
Hold Before Answer/Agreement	0.000000	0.000000	0.001092	0.000000	0.000000	0.000000	0.000000	0.000000	0.000000	0.000000	0.000000	0.000000	0.000000	0.000000	0.000000	0.000000	0.000000	0.000000	0.000000	0.000000	0.002547	0.000000	0.010189	0.000000	0.000000	0.000000	0.000000	0.002547	0.001092
No Answers	0.000000	0.000000	0.001638	0.000000	0.000000	0.000000	0.000000	0.000000	0.000000	0.000000	0.000000	0.000000	0.000000	0.000000	0.000000	0.000000	0.000000	0.000000	0.000000	0.000000	0.000000	0.000000	0.003821	0.000000	0.000000	0.000000	0.000000	0.000000	0.000000
Offers, Options, Commits	0.000000	0.000000	0.001092	0.000000	0.000000	0.000000	0.000000	0.000000	0.000000	0.000000	0.000000	0.000000	0.000000	0.000000	0.000000	0.000000	0.000000	0.001092	0.000000	0.000000	0.000000	0.000000	0.002183	0.000000	0.000000	0.000000	0.000000	0.000000	0.000000
Open-Question	0.001092	0.000000	0.007642	0.000000	0.000000	0.000000	0.000000	0.000000	0.000000	0.001638	0.000000	0.000000	0.000000	0.000000	0.002111	0.000000	0.001092	0.001092	0.000000	0.000000	0.003821	0.000000	0.036790	0.005459	0.000000	0.000000	0.003275	0.014774	0.006368
Or-Clause	0.000000	0.000000	0.001092	0.000000	0.000000	0.000000	0.000000	0.000000	0.000000	0.000000	0.000000	0.000000	0.000000	0.000000	0.000000	0.000000	0.000000	0.000000	0.000000	0.000000	0.000000	0.000000	0.001092	0.000000	0.000000	0.000000	0.000000	0.002183	0.000000
Other	0.000000	0.001092	0.010371	0.000000	0.000000	0.000000	0.001092	0.000000	0.000000	0.000000	0.000000	0.000000	0.000000	0.000000	0.000000	0.000000	0.000819	0.000546	0.000000	0.000546	0.003275	0.000000	0.035116	0.000000	0.000000	0.000000	0.000000	0.000273	0.001456
Quotation	0.000000	0.000000	0.025655	0.000000	0.000000	0.000000	0.001638	0.000000	0.000000	0.000000	0.005459	0.000000	0.000000	0.000000	0.001820	0.000000	0.000000	0.007052	0.001092	0.000000	0.013282	0.000000	0.141609	0.002547	0.000000	0.001092	0.003639	0.027267	0.029858
Reject	0.000000	0.000000	0.000000	0.000000	0.000000	0.000000	0.000000	0.000000	0.000000	0.000000	0.000000	0.000000	0.000000	0.000000	0.000000	0.000000	0.000000	0.000000	0.000000	0.000000	0.000000	0.000000	0.000000	0.000000	0.000000	0.000000	0.000000	0.000000	0.000000
Repeat-phrase	0.000000	0.000000	0.003821	0.000000	0.000000	0.001092	0.001910	0.001092	0.000000	0.000000	0.000000	0.000000	0.000000	0.000000	0.000000	0.000000	0.001092	0.001092	0.000000	0.002547	0.004640	0.000000	0.028020	0.001092	0.000000	0.000000	0.001638	0.006004	0.000546
Rhetorical-Question	0.000000	0.000000	0.022991	0.000000	0.001310	0.001638	0.004094	0.000000	0.000000	0.000273	0.004515	0.000910	0.000000	0.000000	0.001975	0.000000	0.001729	0.009992	0.000000	0.004585	0.031429	0.000000	0.189703	0.010590	0.001638	0.000000	0.002794	0.053129	0.047536
Signal-non-understanding	0.000000	0.000000	0.000000	0.000000	0.000000	0.000000	0.001092	0.000000	0.000000	0.000000	0.000000	0.000000	0.000000	0.000000	0.000000	0.000000	0.000000	0.000000	0.000000	0.000000	0.000000	0.000000	0.004367	0.000000	0.000000	0.000000	0.000000	0.001092	0.000000
Statement-non-opinion	0.000000	0.000728	0.099044	0.000118	0.001438	0.000603	0.008932	0.002386	0.000662	0.002482	0.003467	0.000972	0.000227	0.000067	0.007077	0.000520	0.004343	0.030099	0.000000	0.006376	0.044416	0.000463	0.502804	0.019896	0.001328	0.001334	0.004333	0.086291	0.095357
Statement-opinion	0.000000	0.000000	0.021106	0.000546	0.001092	0.000000	0.002183	0.000000	0.000000	0.000364	0.001310	0.000546	0.000000	0.000000	0.000000	0.000000	0.000000	0.001892	0.000000	0.000000	0.004640	0.000000	0.113137	0.003821	0.000218	0.000000	0.000000	0.011372	0.016812
Summarize/Reformulate	0.000000	0.000000	0.002183	0.000000	0.000000	0.000000	0.000000	0.000000	0.000000	0.001092	0.000000	0.000000	0.000000	0.000000	0.000000	0.000000	0.000000	0.000000	0.000000	0.000000	0.003275	0.000000	0.014192	0.001092	0.000000	0.000000	0.000000	0.000000	0.002183
Thanking	0.000000	0.000000	0.001092	0.000000	0.000000	0.000000	0.000000	0.000000	0.000000	0.000000	0.000000	0.000000	0.000000	0.000000	0.000000	0.000000	0.000000	0.000000	0.000000	0.000000	0.000000	0.000000	0.003275	0.000000	0.000000	0.000000	0.000000	0.000000	0.001092
Uninterpretable	0.000000	0.000000	0.004094	0.000000	0.000000	0.000000	0.002183	0.000000	0.001092	0.000000	0.000000	0.000000	0.001092	0.000000	0.001092	0.000000	0.000819	0.002183	0.000000	0.004367	0.005277	0.000000	0.044123	0.000000	0.000000	0.000000	0.001729	0.005822	0.003639
Wh-Question	0.000000	0.000000	0.036012	0.001092	0.000000	0.000218	0.001503	0.000374	0.001092	0.002273	0.004730	0.001583	0.000218	0.000218	0.003662	0.000000	0.001838	0.016701	0.000000	0.000234	0.032615	0.000000	0.278326	0.006603	0.000340	0.000000	0.004120	0.074455	0.066728
Yes-No-Question	0.000000	0.000000	0.033800	0.000156	0.000273	0.000000	0.004366	0.002365	0.000364	0.003447	0.002129	0.000000	0.000000	0.000000	0.004726	0.000230	0.004076	0.018214	0.000000	0.003275	0.032821	0.000819	0.259953	0.010631	0.001486	0.000292	0.001157	0.068825	0.066246
